--- Distribution Statistics ---
         Open (Rs.)    High (Rs.)     Low (Rs.)   Close (Rs.)   TradeVolume   ShareVolume  Turnover (Rs.)
count  11326.000000  11338.000000  11317.000000  11341.000000  11341.000000  1.134100e+04    1.134100e+04
mean     269.720462    271.264844    267.139719    269.229058    129.174676  1.144872e+06    6.416187e+07
std      404.813167    407.115137    401.235804    404.136798    215.400599  4.862544e+06    3.237177e+08
min        8.000000      0.000000      7.900000      7.900000      1.000000  1.000000e+00    4.480000e+01
25%       17.000000     17.100000     16.700000     16.900000     26.000000  1.321100e+04    1.282401e+06
50%      108.000000    108.850000    106.500000    107.900000     65.000000  1.429610e+05    8.543143e+06
75%      178.000000    179.400000    176.400000    178.300000    145.000000  6.939870e+05    4.571366e+07
max     1700.000000   1735.000000   1698.750000   1699.000000   4110.000000  2.373696e+08    2.311574e+10

--- Correlation Matrix ---
                Open (Rs.)  High (Rs.)  Low (Rs.)  Close (Rs.)  TradeVolume  ShareVolume  Turnover (Rs.)
Open (Rs.)        1.000000    0.999887   0.999863     0.999846    -0.215897    -0.123740       -0.057640
High (Rs.)        0.999887    1.000000   0.999789     0.999264    -0.214767    -0.124042       -0.057951
Low (Rs.)         0.999863    0.999789   1.000000     0.999867    -0.216566    -0.123724       -0.058049
Close (Rs.)       0.999846    0.999264   0.999867     1.000000    -0.215786    -0.124148       -0.057846
TradeVolume      -0.215897   -0.214767  -0.216566    -0.215786     1.000000     0.465848        0.258321
ShareVolume      -0.123740   -0.124042  -0.123724    -0.124148     0.465848     1.000000        0.617541
Turnover (Rs.)   -0.057640   -0.057951  -0.058049    -0.057846     0.258321     0.617541        1.000000

--- Anomaly Detection ---
Open (Rs.): 2259 outliers (19.92%)
    Range: 8.0 - 1700.0
    Bounds: -224.50 - 419.50
High (Rs.): 2257 outliers (19.90%)
    Range: 0.0 - 1735.0
    Bounds: -226.35 - 422.85
Low (Rs.): 2257 outliers (19.90%)
    Range: 7.9 - 1698.75
    Bounds: -222.85 - 415.95
Close (Rs.): 2262 outliers (19.95%)
    Range: 7.9 - 1699.0
    Bounds: -225.20 - 420.40
TradeVolume: 942 outliers (8.31%)
    Range: 1 - 4110
    Bounds: -152.50 - 323.50
ShareVolume: 1471 outliers (12.97%)
    Range: 1 - 237369636
    Bounds: -1007953.00 - 1715151.00
Turnover (Rs.): 1548 outliers (13.65%)
    Range: 44.8 - 23115744427.0
    Bounds: -65364488.60 - 112360549.80

